
 CAVINT_PHOTONS_BSFW0   W/AIR
 BSF(water) in WATER mono-energetic photons                                                                             
  SSD     ENERGY(KEV)   ---------------------------------------- DIAMETER (CM) ----------------------------------------
                               1.0          2.0          3.0          5.0         10.0         15.0         20.0         30.0
  10.0   4.00000000E+00 1.000834E+00 1.000826E+00 1.000832E+00 1.000828E+00 1.000847E+00 1.000849E+00 1.000832E+00 1.000842E+00
  10.0   4.36203100E+00 1.000784E+00 1.000797E+00 1.000809E+00 1.000796E+00 1.000779E+00 1.000849E+00 1.000862E+00 1.000861E+00
  10.0   4.75682800E+00 1.001400E+00 1.001425E+00 1.001403E+00 1.001425E+00 1.001416E+00 1.001493E+00 1.001484E+00 1.001374E+00
  10.0   5.18735800E+00 1.001267E+00 1.001281E+00 1.001253E+00 1.001292E+00 1.001267E+00 1.001296E+00 1.001284E+00 1.001285E+00
  10.0   5.65685400E+00 1.002262E+00 1.002255E+00 1.002258E+00 1.002268E+00 1.002311E+00 1.002327E+00 1.002342E+00 1.002394E+00
  10.0   6.16884300E+00 1.003240E+00 1.003230E+00 1.003230E+00 1.003162E+00 1.003157E+00 1.003203E+00 1.003090E+00 1.003166E+00
  10.0   6.72717100E+00 1.003669E+00 1.003703E+00 1.003662E+00 1.003618E+00 1.003608E+00 1.003736E+00 1.003666E+00 1.003618E+00
  10.0   7.33603200E+00 1.005330E+00 1.005407E+00 1.005312E+00 1.005377E+00 1.005381E+00 1.005491E+00 1.005611E+00 1.005389E+00
  10.0   8.00000000E+00 1.006057E+00 1.006164E+00 1.006060E+00 1.006164E+00 1.006133E+00 1.006268E+00 1.006410E+00 1.006199E+00
  10.0   8.72406200E+00 1.008606E+00 1.008837E+00 1.008775E+00 1.008772E+00 1.008913E+00 1.008788E+00 1.008736E+00 1.008992E+00
  10.0   9.51365700E+00 1.010077E+00 1.010504E+00 1.010586E+00 1.010354E+00 1.010521E+00 1.010699E+00 1.010725E+00 1.010445E+00
  10.0   1.03747160E+01 1.013634E+00 1.014593E+00 1.014728E+00 1.014702E+00 1.014732E+00 1.014851E+00 1.014492E+00 1.014380E+00
  10.0   1.13137080E+01 1.017566E+00 1.019320E+00 1.019530E+00 1.019544E+00 1.019798E+00 1.020265E+00 1.020231E+00 1.019902E+00
  10.0   1.23376870E+01 1.021022E+00 1.024013E+00 1.024440E+00 1.024610E+00 1.025195E+00 1.025363E+00 1.025617E+00 1.025844E+00
  10.0   1.34543430E+01 1.026140E+00 1.031066E+00 1.032097E+00 1.032811E+00 1.032761E+00 1.032593E+00 1.032672E+00 1.032272E+00
  10.0   1.46720650E+01 1.030649E+00 1.037865E+00 1.040219E+00 1.041310E+00 1.040683E+00 1.040278E+00 1.039871E+00 1.039748E+00
  10.0   1.60000000E+01 1.036715E+00 1.047279E+00 1.051241E+00 1.053858E+00 1.053337E+00 1.054138E+00 1.053516E+00 1.052919E+00
  10.0   1.74481240E+01 1.041769E+00 1.056085E+00 1.062579E+00 1.066859E+00 1.066914E+00 1.067625E+00 1.067823E+00 1.067842E+00
  10.0   1.90273140E+01 1.048274E+00 1.067262E+00 1.077503E+00 1.084655E+00 1.086235E+00 1.086404E+00 1.087228E+00 1.086873E+00
  10.0   2.07494330E+01 1.054702E+00 1.079189E+00 1.093793E+00 1.105217E+00 1.111535E+00 1.111602E+00 1.111633E+00 1.111434E+00
  10.0   2.26274170E+01 1.059282E+00 1.088533E+00 1.107885E+00 1.125418E+00 1.134787E+00 1.135678E+00 1.135170E+00 1.132799E+00
  10.0   2.46753730E+01 1.065101E+00 1.100201E+00 1.124964E+00 1.149821E+00 1.164690E+00 1.167831E+00 1.168310E+00 1.169250E+00
  10.0   2.69086850E+01 1.068525E+00 1.108270E+00 1.138228E+00 1.170905E+00 1.194510E+00 1.197716E+00 1.196902E+00 1.201938E+00
  10.0   2.93441290E+01 1.073514E+00 1.118930E+00 1.154517E+00 1.196724E+00 1.231040E+00 1.238248E+00 1.241392E+00 1.240554E+00
  10.0   3.20000000E+01 1.075489E+00 1.124349E+00 1.164354E+00 1.215504E+00 1.262244E+00 1.275239E+00 1.281123E+00 1.278096E+00
  10.0   3.48962470E+01 1.079143E+00 1.132282E+00 1.177773E+00 1.237830E+00 1.299386E+00 1.316704E+00 1.321271E+00 1.321452E+00
  10.0   3.80546280E+01 1.080780E+00 1.137092E+00 1.186554E+00 1.254482E+00 1.329325E+00 1.353847E+00 1.359928E+00 1.365382E+00
  10.0   4.14988660E+01 1.079930E+00 1.137295E+00 1.189064E+00 1.261931E+00 1.352036E+00 1.379126E+00 1.387351E+00 1.391049E+00
  10.0   4.52548340E+01 1.079303E+00 1.137455E+00 1.190771E+00 1.269206E+00 1.368265E+00 1.402811E+00 1.417097E+00 1.419698E+00
  10.0   4.93507460E+01 1.078795E+00 1.137232E+00 1.192274E+00 1.275644E+00 1.387058E+00 1.423894E+00 1.437756E+00 1.443284E+00
  10.0   5.38173710E+01 1.075777E+00 1.133020E+00 1.188386E+00 1.271470E+00 1.387035E+00 1.430249E+00 1.449223E+00 1.459781E+00
  10.0   5.86882590E+01 1.072042E+00 1.127302E+00 1.180776E+00 1.262959E+00 1.382773E+00 1.429944E+00 1.449955E+00 1.460295E+00
  10.0   6.40000000E+01 1.067678E+00 1.120034E+00 1.170941E+00 1.251196E+00 1.369894E+00 1.420699E+00 1.440707E+00 1.446796E+00
  10.0   6.97924950E+01 1.063419E+00 1.112670E+00 1.160767E+00 1.237198E+00 1.353922E+00 1.405048E+00 1.425074E+00 1.435597E+00
  10.0   7.61092550E+01 1.058110E+00 1.103225E+00 1.147902E+00 1.219082E+00 1.329160E+00 1.378804E+00 1.397739E+00 1.407488E+00
  10.0   8.29977310E+01 1.053294E+00 1.094990E+00 1.136170E+00 1.202895E+00 1.306127E+00 1.349451E+00 1.373923E+00 1.381683E+00
  10.0   9.05096680E+01 1.049165E+00 1.087504E+00 1.125613E+00 1.187932E+00 1.283334E+00 1.325857E+00 1.347461E+00 1.357565E+00
  10.0   9.87014930E+01 1.044670E+00 1.079554E+00 1.114490E+00 1.171039E+00 1.259325E+00 1.300011E+00 1.317695E+00 1.328394E+00
  10.0   1.07634741E+02 1.041055E+00 1.072989E+00 1.105497E+00 1.156936E+00 1.237985E+00 1.276405E+00 1.291274E+00 1.302053E+00
  10.0   1.17376518E+02 1.037413E+00 1.066526E+00 1.096034E+00 1.143678E+00 1.217760E+00 1.253399E+00 1.267915E+00 1.277806E+00
  10.0   1.28000000E+02 1.034198E+00 1.060839E+00 1.087484E+00 1.131191E+00 1.199079E+00 1.230877E+00 1.243725E+00 1.253084E+00
  10.0   1.39584990E+02 1.031669E+00 1.056371E+00 1.081026E+00 1.121560E+00 1.183641E+00 1.215755E+00 1.227347E+00 1.237311E+00
  10.0   1.52218511E+02 1.028986E+00 1.051550E+00 1.074203E+00 1.110551E+00 1.167965E+00 1.195509E+00 1.208166E+00 1.216681E+00
  10.0   1.65995463E+02 1.026888E+00 1.047747E+00 1.068491E+00 1.102362E+00 1.156269E+00 1.181383E+00 1.193023E+00 1.200429E+00
  10.0   1.81019336E+02 1.024519E+00 1.043539E+00 1.062381E+00 1.093646E+00 1.142781E+00 1.166348E+00 1.175443E+00 1.183311E+00
  10.0   1.97402986E+02 1.022677E+00 1.040210E+00 1.057840E+00 1.086268E+00 1.132059E+00 1.152931E+00 1.161649E+00 1.168834E+00
  10.0   2.15269482E+02 1.020746E+00 1.036693E+00 1.052642E+00 1.079078E+00 1.120088E+00 1.140784E+00 1.150154E+00 1.154162E+00
  10.0   2.34753035E+02 1.018918E+00 1.033581E+00 1.048153E+00 1.071855E+00 1.109881E+00 1.127471E+00 1.138226E+00 1.139718E+00
  10.0   2.56000000E+02 1.017387E+00 1.030901E+00 1.044227E+00 1.066335E+00 1.101416E+00 1.118248E+00 1.125689E+00 1.130867E+00
  10.0   2.79169980E+02 1.015894E+00 1.028189E+00 1.040514E+00 1.060416E+00 1.092459E+00 1.108698E+00 1.113561E+00 1.119545E+00
  10.0   3.04437021E+02 1.014579E+00 1.025872E+00 1.037262E+00 1.055572E+00 1.084692E+00 1.099362E+00 1.105724E+00 1.110163E+00
  20.0   4.00000000E+00 1.000833E+00 1.000827E+00 1.000835E+00 1.000846E+00 1.000821E+00 1.000850E+00 1.000826E+00 1.000794E+00
  20.0   4.36203100E+00 1.000784E+00 1.000796E+00 1.000809E+00 1.000786E+00 1.000775E+00 1.000862E+00 1.000871E+00 1.000737E+00
  20.0   4.75682800E+00 1.001400E+00 1.001428E+00 1.001391E+00 1.001429E+00 1.001448E+00 1.001525E+00 1.001418E+00 1.001397E+00
  20.0   5.18735800E+00 1.001268E+00 1.001279E+00 1.001253E+00 1.001293E+00 1.001264E+00 1.001243E+00 1.001378E+00 1.001365E+00
  20.0   5.65685400E+00 1.002262E+00 1.002259E+00 1.002258E+00 1.002275E+00 1.002320E+00 1.002281E+00 1.002375E+00 1.002259E+00
  20.0   6.16884300E+00 1.003242E+00 1.003237E+00 1.003241E+00 1.003170E+00 1.003195E+00 1.003123E+00 1.003140E+00 1.003123E+00
  20.0   6.72717100E+00 1.003672E+00 1.003700E+00 1.003667E+00 1.003610E+00 1.003698E+00 1.003745E+00 1.003614E+00 1.003494E+00
  20.0   7.33603200E+00 1.005335E+00 1.005400E+00 1.005325E+00 1.005420E+00 1.005326E+00 1.005593E+00 1.005379E+00 1.005266E+00
  20.0   8.00000000E+00 1.006060E+00 1.006173E+00 1.006088E+00 1.006172E+00 1.006200E+00 1.006260E+00 1.006147E+00 1.006153E+00
  20.0   8.72406200E+00 1.008613E+00 1.008854E+00 1.008785E+00 1.008767E+00 1.008931E+00 1.009001E+00 1.009040E+00 1.009266E+00
  20.0   9.51365700E+00 1.010088E+00 1.010520E+00 1.010610E+00 1.010463E+00 1.010480E+00 1.010790E+00 1.010353E+00 1.011344E+00
  20.0   1.03747160E+01 1.013657E+00 1.014662E+00 1.014726E+00 1.014700E+00 1.014917E+00 1.014696E+00 1.014466E+00 1.015115E+00
  20.0   1.13137080E+01 1.017583E+00 1.019426E+00 1.019680E+00 1.019479E+00 1.019749E+00 1.019772E+00 1.019816E+00 1.020116E+00
  20.0   1.23376870E+01 1.021062E+00 1.024213E+00 1.024703E+00 1.024704E+00 1.025291E+00 1.025797E+00 1.026035E+00 1.026168E+00
  20.0   1.34543430E+01 1.026206E+00 1.031284E+00 1.032387E+00 1.032894E+00 1.033237E+00 1.032946E+00 1.032796E+00 1.033441E+00
  20.0   1.46720650E+01 1.030693E+00 1.038214E+00 1.040557E+00 1.041534E+00 1.040989E+00 1.040477E+00 1.040313E+00 1.042592E+00
  20.0   1.60000000E+01 1.036806E+00 1.047772E+00 1.052127E+00 1.054493E+00 1.054160E+00 1.054681E+00 1.053429E+00 1.054758E+00
  20.0   1.74481240E+01 1.041889E+00 1.056519E+00 1.063572E+00 1.067905E+00 1.068361E+00 1.068305E+00 1.068370E+00 1.068224E+00
  20.0   1.90273140E+01 1.048375E+00 1.067954E+00 1.078894E+00 1.086520E+00 1.089420E+00 1.089455E+00 1.089903E+00 1.090617E+00
  20.0   2.07494330E+01 1.054873E+00 1.080015E+00 1.095494E+00 1.108721E+00 1.114393E+00 1.113981E+00 1.115790E+00 1.113307E+00
  20.0   2.26274170E+01 1.059412E+00 1.089500E+00 1.109751E+00 1.128905E+00 1.140373E+00 1.141778E+00 1.140973E+00 1.142041E+00
  20.0   2.46753730E+01 1.065251E+00 1.101237E+00 1.127099E+00 1.154494E+00 1.173181E+00 1.175272E+00 1.176683E+00 1.177558E+00
  20.0   2.69086850E+01 1.068835E+00 1.109359E+00 1.140578E+00 1.176956E+00 1.204997E+00 1.211921E+00 1.213549E+00 1.215664E+00
  20.0   2.93441290E+01 1.073741E+00 1.120088E+00 1.157673E+00 1.203679E+00 1.247508E+00 1.259620E+00 1.264238E+00 1.259915E+00
  20.0   3.20000000E+01 1.075763E+00 1.125689E+00 1.167749E+00 1.223692E+00 1.283717E+00 1.299900E+00 1.307263E+00 1.308539E+00
  20.0   3.48962470E+01 1.079394E+00 1.133684E+00 1.181471E+00 1.246109E+00 1.324300E+00 1.347464E+00 1.356259E+00 1.362760E+00
  20.0   3.80546280E+01 1.080977E+00 1.138754E+00 1.190748E+00 1.264600E+00 1.360512E+00 1.396174E+00 1.408744E+00 1.420717E+00
  20.0   4.14988660E+01 1.080216E+00 1.139003E+00 1.193198E+00 1.273260E+00 1.383237E+00 1.427070E+00 1.450478E+00 1.457315E+00
  20.0   4.52548340E+01 1.079564E+00 1.139150E+00 1.195336E+00 1.280435E+00 1.403779E+00 1.461199E+00 1.485240E+00 1.496364E+00
  20.0   4.93507460E+01 1.079033E+00 1.138668E+00 1.196948E+00 1.287705E+00 1.422336E+00 1.486051E+00 1.517594E+00 1.534844E+00
  20.0   5.38173710E+01 1.076134E+00 1.134596E+00 1.192833E+00 1.284017E+00 1.425099E+00 1.497301E+00 1.529724E+00 1.558369E+00
  20.0   5.86882590E+01 1.072342E+00 1.128793E+00 1.185017E+00 1.275883E+00 1.422666E+00 1.495021E+00 1.535752E+00 1.557494E+00
  20.0   6.40000000E+01 1.068006E+00 1.121586E+00 1.174921E+00 1.264005E+00 1.408904E+00 1.487182E+00 1.526373E+00 1.559917E+00
  20.0   6.97924950E+01 1.063661E+00 1.114035E+00 1.164650E+00 1.249169E+00 1.392611E+00 1.469419E+00 1.516246E+00 1.546224E+00
  20.0   7.61092550E+01 1.058280E+00 1.104663E+00 1.151646E+00 1.230492E+00 1.366827E+00 1.443246E+00 1.487146E+00 1.515089E+00
  20.0   8.29977310E+01 1.053376E+00 1.096019E+00 1.139580E+00 1.213392E+00 1.339385E+00 1.414273E+00 1.452119E+00 1.490533E+00
  20.0   9.05096680E+01 1.049329E+00 1.088618E+00 1.129047E+00 1.197061E+00 1.317546E+00 1.388633E+00 1.429754E+00 1.456080E+00
  20.0   9.87014930E+01 1.044827E+00 1.080717E+00 1.117608E+00 1.179252E+00 1.290304E+00 1.357418E+00 1.396441E+00 1.419862E+00
  20.0   1.07634741E+02 1.041215E+00 1.074104E+00 1.108137E+00 1.165487E+00 1.267992E+00 1.327190E+00 1.365578E+00 1.398725E+00
  20.0   1.17376518E+02 1.037583E+00 1.067518E+00 1.098614E+00 1.151667E+00 1.244408E+00 1.301457E+00 1.332566E+00 1.367660E+00
  20.0   1.28000000E+02 1.034377E+00 1.061786E+00 1.090073E+00 1.138617E+00 1.224533E+00 1.277260E+00 1.303443E+00 1.336696E+00
  20.0   1.39584990E+02 1.031825E+00 1.057308E+00 1.083263E+00 1.127676E+00 1.208474E+00 1.256204E+00 1.284045E+00 1.308052E+00
  20.0   1.52218511E+02 1.029132E+00 1.052288E+00 1.076136E+00 1.117063E+00 1.190806E+00 1.234191E+00 1.259388E+00 1.284650E+00
  20.0   1.65995463E+02 1.027009E+00 1.048451E+00 1.070593E+00 1.107871E+00 1.176562E+00 1.217991E+00 1.244233E+00 1.263622E+00
  20.0   1.81019336E+02 1.024644E+00 1.044155E+00 1.064344E+00 1.098814E+00 1.161971E+00 1.201120E+00 1.223200E+00 1.245435E+00
  20.0   1.97402986E+02 1.022777E+00 1.040938E+00 1.059539E+00 1.091351E+00 1.148944E+00 1.183181E+00 1.205793E+00 1.227398E+00
  20.0   2.15269482E+02 1.020802E+00 1.037371E+00 1.054393E+00 1.083797E+00 1.136435E+00 1.169825E+00 1.187712E+00 1.208274E+00
  20.0   2.34753035E+02 1.018980E+00 1.034001E+00 1.049654E+00 1.076412E+00 1.124721E+00 1.154530E+00 1.171020E+00 1.189147E+00
  20.0   2.56000000E+02 1.017492E+00 1.031380E+00 1.045691E+00 1.070755E+00 1.115474E+00 1.142467E+00 1.160536E+00 1.173788E+00
  20.0   2.79169980E+02 1.015963E+00 1.028661E+00 1.041627E+00 1.064133E+00 1.105338E+00 1.130123E+00 1.145232E+00 1.160712E+00
  20.0   3.04437021E+02 1.014662E+00 1.026346E+00 1.038464E+00 1.059126E+00 1.097281E+00 1.121070E+00 1.135520E+00 1.148096E+00
  30.0   4.00000000E+00 1.000833E+00 1.000825E+00 1.000835E+00 1.000847E+00 1.000836E+00 1.000849E+00 1.000778E+00 1.000751E+00
  30.0   4.36203100E+00 1.000784E+00 1.000796E+00 1.000811E+00 1.000790E+00 1.000783E+00 1.000841E+00 1.000871E+00 1.000753E+00
  30.0   4.75682800E+00 1.001400E+00 1.001426E+00 1.001397E+00 1.001422E+00 1.001467E+00 1.001519E+00 1.001413E+00 1.001478E+00
  30.0   5.18735800E+00 1.001268E+00 1.001278E+00 1.001255E+00 1.001297E+00 1.001271E+00 1.001239E+00 1.001346E+00 1.001468E+00
  30.0   5.65685400E+00 1.002263E+00 1.002260E+00 1.002264E+00 1.002291E+00 1.002331E+00 1.002206E+00 1.002285E+00 1.002368E+00
  30.0   6.16884300E+00 1.003244E+00 1.003241E+00 1.003245E+00 1.003165E+00 1.003167E+00 1.003087E+00 1.003215E+00 1.003170E+00
  30.0   6.72717100E+00 1.003673E+00 1.003702E+00 1.003662E+00 1.003604E+00 1.003650E+00 1.003736E+00 1.003651E+00 1.003755E+00
  30.0   7.33603200E+00 1.005335E+00 1.005402E+00 1.005333E+00 1.005401E+00 1.005317E+00 1.005658E+00 1.005263E+00 1.005335E+00
  30.0   8.00000000E+00 1.006061E+00 1.006170E+00 1.006091E+00 1.006160E+00 1.006154E+00 1.006238E+00 1.005954E+00 1.005818E+00
  30.0   8.72406200E+00 1.008612E+00 1.008860E+00 1.008801E+00 1.008745E+00 1.008887E+00 1.008896E+00 1.008992E+00 1.009094E+00
  30.0   9.51365700E+00 1.010088E+00 1.010536E+00 1.010622E+00 1.010457E+00 1.010493E+00 1.010724E+00 1.010580E+00 1.010869E+00
  30.0   1.03747160E+01 1.013658E+00 1.014688E+00 1.014762E+00 1.014825E+00 1.014970E+00 1.014647E+00 1.014917E+00 1.014276E+00
  30.0   1.13137080E+01 1.017587E+00 1.019452E+00 1.019658E+00 1.019535E+00 1.019755E+00 1.019687E+00 1.019743E+00 1.019907E+00
  30.0   1.23376870E+01 1.021071E+00 1.024250E+00 1.024749E+00 1.024771E+00 1.025292E+00 1.025355E+00 1.025876E+00 1.025213E+00
  30.0   1.34543430E+01 1.026223E+00 1.031396E+00 1.032570E+00 1.033078E+00 1.032912E+00 1.033006E+00 1.033425E+00 1.033187E+00
  30.0   1.46720650E+01 1.030709E+00 1.038306E+00 1.040718E+00 1.041721E+00 1.041373E+00 1.041401E+00 1.040310E+00 1.041966E+00
  30.0   1.60000000E+01 1.036840E+00 1.047935E+00 1.052389E+00 1.054905E+00 1.054952E+00 1.054569E+00 1.054340E+00 1.055040E+00
  30.0   1.74481240E+01 1.041937E+00 1.056683E+00 1.063847E+00 1.068315E+00 1.069011E+00 1.068322E+00 1.068211E+00 1.069135E+00
  30.0   1.90273140E+01 1.048414E+00 1.068132E+00 1.079191E+00 1.087244E+00 1.089945E+00 1.088995E+00 1.091354E+00 1.094253E+00
  30.0   2.07494330E+01 1.054923E+00 1.080237E+00 1.095777E+00 1.109362E+00 1.116202E+00 1.115976E+00 1.118712E+00 1.116869E+00
  30.0   2.26274170E+01 1.059470E+00 1.089886E+00 1.110299E+00 1.129728E+00 1.142404E+00 1.142288E+00 1.144499E+00 1.148793E+00
  30.0   2.46753730E+01 1.065326E+00 1.101620E+00 1.127649E+00 1.156123E+00 1.175714E+00 1.179317E+00 1.178972E+00 1.183937E+00
  30.0   2.69086850E+01 1.068886E+00 1.109682E+00 1.141270E+00 1.178143E+00 1.210517E+00 1.216408E+00 1.217677E+00 1.219175E+00
  30.0   2.93441290E+01 1.073826E+00 1.120385E+00 1.158434E+00 1.206088E+00 1.253481E+00 1.266039E+00 1.272317E+00 1.276090E+00
  30.0   3.20000000E+01 1.075867E+00 1.126106E+00 1.168948E+00 1.226012E+00 1.289462E+00 1.311445E+00 1.315912E+00 1.317561E+00
  30.0   3.48962470E+01 1.079503E+00 1.134201E+00 1.182628E+00 1.249440E+00 1.329705E+00 1.358838E+00 1.369154E+00 1.382664E+00
  30.0   3.80546280E+01 1.081056E+00 1.139341E+00 1.192262E+00 1.267940E+00 1.368221E+00 1.407986E+00 1.422054E+00 1.438283E+00
  30.0   4.14988660E+01 1.080280E+00 1.139452E+00 1.194630E+00 1.276339E+00 1.392337E+00 1.444522E+00 1.463860E+00 1.481485E+00
  30.0   4.52548340E+01 1.079629E+00 1.139595E+00 1.196964E+00 1.284475E+00 1.415088E+00 1.479854E+00 1.507226E+00 1.522884E+00
  30.0   4.93507460E+01 1.079119E+00 1.139230E+00 1.198121E+00 1.291474E+00 1.434501E+00 1.510262E+00 1.550250E+00 1.570196E+00
  30.0   5.38173710E+01 1.076187E+00 1.135110E+00 1.193869E+00 1.287973E+00 1.438421E+00 1.519639E+00 1.559264E+00 1.593279E+00
  30.0   5.86882590E+01 1.072419E+00 1.129257E+00 1.186028E+00 1.279171E+00 1.433485E+00 1.522560E+00 1.568529E+00 1.605217E+00
  30.0   6.40000000E+01 1.068086E+00 1.122136E+00 1.176463E+00 1.266935E+00 1.422213E+00 1.512475E+00 1.560675E+00 1.609135E+00
  30.0   6.97924950E+01 1.063732E+00 1.114572E+00 1.165950E+00 1.252521E+00 1.404937E+00 1.496171E+00 1.549970E+00 1.603029E+00
  30.0   7.61092550E+01 1.058364E+00 1.105259E+00 1.152909E+00 1.233664E+00 1.377852E+00 1.466734E+00 1.519641E+00 1.570143E+00
  30.0   8.29977310E+01 1.053441E+00 1.096530E+00 1.140511E+00 1.215799E+00 1.351757E+00 1.434574E+00 1.482734E+00 1.544951E+00
  30.0   9.05096680E+01 1.049383E+00 1.089085E+00 1.129805E+00 1.199877E+00 1.325994E+00 1.409344E+00 1.463467E+00 1.507709E+00
  30.0   9.87014930E+01 1.044890E+00 1.081098E+00 1.118268E+00 1.181746E+00 1.300247E+00 1.374572E+00 1.424955E+00 1.472177E+00
  30.0   1.07634741E+02 1.041266E+00 1.074442E+00 1.109057E+00 1.167779E+00 1.276405E+00 1.348251E+00 1.391812E+00 1.430995E+00
  30.0   1.17376518E+02 1.037631E+00 1.067808E+00 1.099172E+00 1.154106E+00 1.252683E+00 1.319353E+00 1.359208E+00 1.409658E+00
  30.0   1.28000000E+02 1.034426E+00 1.062115E+00 1.090794E+00 1.140539E+00 1.232434E+00 1.292648E+00 1.327245E+00 1.367880E+00
  30.0   1.39584990E+02 1.031867E+00 1.057443E+00 1.084037E+00 1.129669E+00 1.214742E+00 1.272869E+00 1.307673E+00 1.341389E+00
  30.0   1.52218511E+02 1.029163E+00 1.052553E+00 1.076938E+00 1.118733E+00 1.197776E+00 1.252091E+00 1.282277E+00 1.317601E+00
  30.0   1.65995463E+02 1.027055E+00 1.048621E+00 1.071225E+00 1.110256E+00 1.183463E+00 1.232029E+00 1.260920E+00 1.295867E+00
  30.0   1.81019336E+02 1.024694E+00 1.044391E+00 1.065033E+00 1.100197E+00 1.168261E+00 1.211379E+00 1.242675E+00 1.271078E+00
  30.0   1.97402986E+02 1.022811E+00 1.041117E+00 1.060106E+00 1.093029E+00 1.155116E+00 1.198762E+00 1.224328E+00 1.253267E+00
  30.0   2.15269482E+02 1.020820E+00 1.037501E+00 1.054827E+00 1.085160E+00 1.142287E+00 1.180555E+00 1.204299E+00 1.228383E+00
  30.0   2.34753035E+02 1.019013E+00 1.034192E+00 1.050270E+00 1.077590E+00 1.129685E+00 1.164187E+00 1.186109E+00 1.211248E+00
  30.0   2.56000000E+02 1.017526E+00 1.031590E+00 1.046126E+00 1.071869E+00 1.119980E+00 1.151728E+00 1.171980E+00 1.196068E+00
  30.0   2.79169980E+02 1.015979E+00 1.028846E+00 1.042019E+00 1.065611E+00 1.110321E+00 1.139524E+00 1.157983E+00 1.180065E+00
  30.0   3.04437021E+02 1.014692E+00 1.026521E+00 1.038796E+00 1.060494E+00 1.101341E+00 1.129271E+00 1.148949E+00 1.167657E+00
  50.0   4.00000000E+00 1.000833E+00 1.000825E+00 1.000836E+00 1.000844E+00 1.000821E+00 1.000845E+00 1.000782E+00 1.000787E+00
  50.0   4.36203100E+00 1.000784E+00 1.000794E+00 1.000811E+00 1.000789E+00 1.000784E+00 1.000861E+00 1.000854E+00 1.000783E+00
  50.0   4.75682800E+00 1.001400E+00 1.001426E+00 1.001396E+00 1.001426E+00 1.001486E+00 1.001534E+00 1.001440E+00 1.001381E+00
  50.0   5.18735800E+00 1.001268E+00 1.001278E+00 1.001254E+00 1.001297E+00 1.001257E+00 1.001273E+00 1.001321E+00 1.001465E+00
  50.0   5.65685400E+00 1.002263E+00 1.002262E+00 1.002261E+00 1.002293E+00 1.002344E+00 1.002204E+00 1.002288E+00 1.002375E+00
  50.0   6.16884300E+00 1.003243E+00 1.003239E+00 1.003243E+00 1.003173E+00 1.003182E+00 1.003138E+00 1.003110E+00 1.003139E+00
  50.0   6.72717100E+00 1.003673E+00 1.003700E+00 1.003657E+00 1.003598E+00 1.003657E+00 1.003749E+00 1.003632E+00 1.003839E+00
  50.0   7.33603200E+00 1.005335E+00 1.005399E+00 1.005338E+00 1.005402E+00 1.005376E+00 1.005643E+00 1.005255E+00 1.005249E+00
  50.0   8.00000000E+00 1.006061E+00 1.006171E+00 1.006098E+00 1.006149E+00 1.006163E+00 1.006320E+00 1.006033E+00 1.006091E+00
  50.0   8.72406200E+00 1.008617E+00 1.008863E+00 1.008808E+00 1.008775E+00 1.008862E+00 1.008771E+00 1.009032E+00 1.009522E+00
  50.0   9.51365700E+00 1.010092E+00 1.010532E+00 1.010634E+00 1.010497E+00 1.010503E+00 1.010646E+00 1.010551E+00 1.010708E+00
  50.0   1.03747160E+01 1.013667E+00 1.014703E+00 1.014788E+00 1.014843E+00 1.015004E+00 1.014557E+00 1.015029E+00 1.014276E+00
  50.0   1.13137080E+01 1.017583E+00 1.019471E+00 1.019731E+00 1.019697E+00 1.019730E+00 1.019622E+00 1.020195E+00 1.019263E+00
  50.0   1.23376870E+01 1.021090E+00 1.024267E+00 1.024784E+00 1.024828E+00 1.025383E+00 1.025482E+00 1.025865E+00 1.024614E+00
  50.0   1.34543430E+01 1.026237E+00 1.031497E+00 1.032673E+00 1.033101E+00 1.032885E+00 1.032988E+00 1.033159E+00 1.033074E+00
  50.0   1.46720650E+01 1.030722E+00 1.038346E+00 1.040829E+00 1.041593E+00 1.041119E+00 1.041600E+00 1.040661E+00 1.041598E+00
  50.0   1.60000000E+01 1.036874E+00 1.048016E+00 1.052544E+00 1.055043E+00 1.054915E+00 1.055241E+00 1.053957E+00 1.054737E+00
  50.0   1.74481240E+01 1.041974E+00 1.056838E+00 1.064024E+00 1.068689E+00 1.069693E+00 1.069379E+00 1.069622E+00 1.070907E+00
  50.0   1.90273140E+01 1.048432E+00 1.068236E+00 1.079476E+00 1.087992E+00 1.090614E+00 1.090570E+00 1.092010E+00 1.095394E+00
  50.0   2.07494330E+01 1.054930E+00 1.080493E+00 1.096393E+00 1.109933E+00 1.117122E+00 1.117418E+00 1.118888E+00 1.116214E+00
  50.0   2.26274170E+01 1.059519E+00 1.090127E+00 1.110777E+00 1.130673E+00 1.144868E+00 1.145124E+00 1.146204E+00 1.149990E+00
  50.0   2.46753730E+01 1.065378E+00 1.101995E+00 1.128419E+00 1.157192E+00 1.179323E+00 1.183780E+00 1.184907E+00 1.186260E+00
  50.0   2.69086850E+01 1.068942E+00 1.110004E+00 1.141805E+00 1.179098E+00 1.214052E+00 1.220263E+00 1.222985E+00 1.223693E+00
  50.0   2.93441290E+01 1.073859E+00 1.120728E+00 1.159309E+00 1.206872E+00 1.258599E+00 1.269947E+00 1.277940E+00 1.280680E+00
  50.0   3.20000000E+01 1.075909E+00 1.126470E+00 1.169440E+00 1.227652E+00 1.294286E+00 1.317840E+00 1.321858E+00 1.324294E+00
  50.0   3.48962470E+01 1.079572E+00 1.134623E+00 1.183241E+00 1.251475E+00 1.336916E+00 1.370468E+00 1.377135E+00 1.388497E+00
  50.0   3.80546280E+01 1.081141E+00 1.139735E+00 1.193198E+00 1.270933E+00 1.373799E+00 1.419557E+00 1.438611E+00 1.456527E+00
  50.0   4.14988660E+01 1.080354E+00 1.139841E+00 1.195501E+00 1.279160E+00 1.400944E+00 1.457665E+00 1.485189E+00 1.492178E+00
  50.0   4.52548340E+01 1.079703E+00 1.140055E+00 1.197829E+00 1.287214E+00 1.422474E+00 1.491883E+00 1.525745E+00 1.550101E+00
  50.0   4.93507460E+01 1.079182E+00 1.139765E+00 1.199104E+00 1.294374E+00 1.444510E+00 1.527046E+00 1.569999E+00 1.598400E+00
  50.0   5.38173710E+01 1.076246E+00 1.135609E+00 1.194633E+00 1.290231E+00 1.447996E+00 1.537790E+00 1.593601E+00 1.627760E+00
  50.0   5.86882590E+01 1.072465E+00 1.129644E+00 1.187024E+00 1.282252E+00 1.445536E+00 1.541648E+00 1.597961E+00 1.652994E+00
  50.0   6.40000000E+01 1.068127E+00 1.122512E+00 1.177668E+00 1.269997E+00 1.432088E+00 1.530820E+00 1.588853E+00 1.645997E+00
  50.0   6.97924950E+01 1.063810E+00 1.114983E+00 1.167045E+00 1.254944E+00 1.413829E+00 1.509944E+00 1.573586E+00 1.631845E+00
  50.0   7.61092550E+01 1.058384E+00 1.105524E+00 1.153679E+00 1.235937E+00 1.386563E+00 1.484286E+00 1.546093E+00 1.604736E+00
  50.0   8.29977310E+01 1.053488E+00 1.096852E+00 1.141339E+00 1.218039E+00 1.360859E+00 1.451792E+00 1.511967E+00 1.575602E+00
  50.0   9.05096680E+01 1.049423E+00 1.089310E+00 1.130406E+00 1.201734E+00 1.337060E+00 1.425203E+00 1.484845E+00 1.542535E+00
  50.0   9.87014930E+01 1.044909E+00 1.081404E+00 1.118773E+00 1.183621E+00 1.307998E+00 1.391337E+00 1.444140E+00 1.507250E+00
  50.0   1.07634741E+02 1.041291E+00 1.074817E+00 1.109570E+00 1.170013E+00 1.283656E+00 1.362013E+00 1.413932E+00 1.474834E+00
  50.0   1.17376518E+02 1.037646E+00 1.068110E+00 1.099687E+00 1.155061E+00 1.260576E+00 1.329128E+00 1.378316E+00 1.437884E+00
  50.0   1.28000000E+02 1.034468E+00 1.062304E+00 1.091222E+00 1.142358E+00 1.238717E+00 1.303756E+00 1.351274E+00 1.395354E+00
  50.0   1.39584990E+02 1.031902E+00 1.057735E+00 1.084651E+00 1.131403E+00 1.221136E+00 1.283134E+00 1.322323E+00 1.374951E+00
  50.0   1.52218511E+02 1.029208E+00 1.052776E+00 1.077421E+00 1.120188E+00 1.203195E+00 1.260233E+00 1.297580E+00 1.336753E+00
  50.0   1.65995463E+02 1.027088E+00 1.048811E+00 1.071608E+00 1.111679E+00 1.188520E+00 1.240764E+00 1.278662E+00 1.321272E+00
  50.0   1.81019336E+02 1.024727E+00 1.044638E+00 1.065523E+00 1.101888E+00 1.172253E+00 1.222093E+00 1.255049E+00 1.288025E+00
  50.0   1.97402986E+02 1.022836E+00 1.041249E+00 1.060439E+00 1.093989E+00 1.159446E+00 1.206862E+00 1.235932E+00 1.272551E+00
  50.0   2.15269482E+02 1.020838E+00 1.037703E+00 1.055328E+00 1.086077E+00 1.146323E+00 1.188158E+00 1.217429E+00 1.254416E+00
  50.0   2.34753035E+02 1.019031E+00 1.034353E+00 1.050551E+00 1.078804E+00 1.133970E+00 1.173155E+00 1.199661E+00 1.228318E+00
  50.0   2.56000000E+02 1.017543E+00 1.031759E+00 1.046492E+00 1.072530E+00 1.123785E+00 1.159883E+00 1.184718E+00 1.211108E+00
  50.0   2.79169980E+02 1.016008E+00 1.028948E+00 1.042424E+00 1.066416E+00 1.113570E+00 1.147093E+00 1.170599E+00 1.197194E+00
  50.0   3.04437021E+02 1.014712E+00 1.026641E+00 1.039003E+00 1.061267E+00 1.104667E+00 1.137038E+00 1.157617E+00 1.181378E+00
 100.0   4.00000000E+00 1.000833E+00 1.000825E+00 1.000837E+00 1.000846E+00 1.000819E+00 1.000867E+00 1.000780E+00 1.000795E+00
 100.0   4.36203100E+00 1.000784E+00 1.000794E+00 1.000810E+00 1.000786E+00 1.000793E+00 1.000876E+00 1.000848E+00 1.000771E+00
 100.0   4.75682800E+00 1.001400E+00 1.001426E+00 1.001394E+00 1.001429E+00 1.001484E+00 1.001488E+00 1.001446E+00 1.001457E+00
 100.0   5.18735800E+00 1.001268E+00 1.001278E+00 1.001252E+00 1.001299E+00 1.001259E+00 1.001283E+00 1.001345E+00 1.001517E+00
 100.0   5.65685400E+00 1.002263E+00 1.002263E+00 1.002258E+00 1.002302E+00 1.002332E+00 1.002212E+00 1.002310E+00 1.002375E+00
 100.0   6.16884300E+00 1.003243E+00 1.003240E+00 1.003241E+00 1.003172E+00 1.003181E+00 1.003142E+00 1.003146E+00 1.003189E+00
 100.0   6.72717100E+00 1.003673E+00 1.003701E+00 1.003657E+00 1.003606E+00 1.003642E+00 1.003725E+00 1.003686E+00 1.003861E+00
 100.0   7.33603200E+00 1.005334E+00 1.005402E+00 1.005328E+00 1.005401E+00 1.005375E+00 1.005653E+00 1.005220E+00 1.005288E+00
 100.0   8.00000000E+00 1.006062E+00 1.006173E+00 1.006110E+00 1.006154E+00 1.006170E+00 1.006387E+00 1.005972E+00 1.006111E+00
 100.0   8.72406200E+00 1.008615E+00 1.008865E+00 1.008822E+00 1.008792E+00 1.008856E+00 1.008820E+00 1.008957E+00 1.009527E+00
 100.0   9.51365700E+00 1.010093E+00 1.010541E+00 1.010624E+00 1.010496E+00 1.010525E+00 1.010744E+00 1.010505E+00 1.010413E+00
 100.0   1.03747160E+01 1.013673E+00 1.014715E+00 1.014780E+00 1.014826E+00 1.014945E+00 1.014462E+00 1.014854E+00 1.014680E+00
 100.0   1.13137080E+01 1.017583E+00 1.019487E+00 1.019747E+00 1.019680E+00 1.019772E+00 1.019744E+00 1.019924E+00 1.019209E+00
 100.0   1.23376870E+01 1.021101E+00 1.024288E+00 1.024820E+00 1.024873E+00 1.025298E+00 1.025648E+00 1.025784E+00 1.025163E+00
 100.0   1.34543430E+01 1.026251E+00 1.031527E+00 1.032700E+00 1.033227E+00 1.032959E+00 1.032944E+00 1.033191E+00 1.032277E+00
 100.0   1.46720650E+01 1.030732E+00 1.038441E+00 1.040993E+00 1.041858E+00 1.041490E+00 1.041508E+00 1.040197E+00 1.041817E+00
 100.0   1.60000000E+01 1.036889E+00 1.048081E+00 1.052694E+00 1.055343E+00 1.055338E+00 1.054655E+00 1.052999E+00 1.054645E+00
 100.0   1.74481240E+01 1.041992E+00 1.056997E+00 1.064211E+00 1.068795E+00 1.069942E+00 1.070048E+00 1.069179E+00 1.070841E+00
 100.0   1.90273140E+01 1.048460E+00 1.068338E+00 1.079698E+00 1.088797E+00 1.090738E+00 1.091093E+00 1.094185E+00 1.094090E+00
 100.0   2.07494330E+01 1.054968E+00 1.080629E+00 1.096681E+00 1.110665E+00 1.117985E+00 1.117367E+00 1.119973E+00 1.116976E+00
 100.0   2.26274170E+01 1.059539E+00 1.090287E+00 1.111014E+00 1.131347E+00 1.144664E+00 1.147483E+00 1.149729E+00 1.155641E+00
 100.0   2.46753730E+01 1.065410E+00 1.102244E+00 1.128890E+00 1.157902E+00 1.180891E+00 1.184759E+00 1.185018E+00 1.188186E+00
 100.0   2.69086850E+01 1.068981E+00 1.110344E+00 1.142552E+00 1.180515E+00 1.215114E+00 1.224757E+00 1.228851E+00 1.231390E+00
 100.0   2.93441290E+01 1.073910E+00 1.120890E+00 1.159975E+00 1.208279E+00 1.259964E+00 1.273889E+00 1.281195E+00 1.283494E+00
 100.0   3.20000000E+01 1.075951E+00 1.126649E+00 1.170300E+00 1.229089E+00 1.297988E+00 1.322416E+00 1.329388E+00 1.332126E+00
 100.0   3.48962470E+01 1.079583E+00 1.134898E+00 1.184274E+00 1.253408E+00 1.341650E+00 1.373874E+00 1.384602E+00 1.396872E+00
 100.0   3.80546280E+01 1.081198E+00 1.139953E+00 1.193711E+00 1.271937E+00 1.380220E+00 1.431902E+00 1.450691E+00 1.468979E+00
 100.0   4.14988660E+01 1.080405E+00 1.140111E+00 1.196105E+00 1.281410E+00 1.408070E+00 1.465144E+00 1.490121E+00 1.519297E+00
 100.0   4.52548340E+01 1.079745E+00 1.140348E+00 1.198409E+00 1.288738E+00 1.430145E+00 1.498489E+00 1.541487E+00 1.559333E+00
 100.0   4.93507460E+01 1.079250E+00 1.140106E+00 1.199659E+00 1.296311E+00 1.451244E+00 1.537352E+00 1.584312E+00 1.615726E+00
 100.0   5.38173710E+01 1.076274E+00 1.135929E+00 1.195376E+00 1.292415E+00 1.455945E+00 1.553059E+00 1.610325E+00 1.648510E+00
 100.0   5.86882590E+01 1.072510E+00 1.129755E+00 1.187853E+00 1.283786E+00 1.451732E+00 1.552716E+00 1.620346E+00 1.668421E+00
 100.0   6.40000000E+01 1.068178E+00 1.122689E+00 1.178038E+00 1.271207E+00 1.437416E+00 1.545835E+00 1.615220E+00 1.685931E+00
 100.0   6.97924950E+01 1.063849E+00 1.115320E+00 1.167709E+00 1.256849E+00 1.420130E+00 1.524523E+00 1.596469E+00 1.670720E+00
 100.0   7.61092550E+01 1.058408E+00 1.105797E+00 1.154409E+00 1.238169E+00 1.392974E+00 1.498836E+00 1.563939E+00 1.640008E+00
 100.0   8.29977310E+01 1.053537E+00 1.097145E+00 1.142139E+00 1.219659E+00 1.365577E+00 1.465118E+00 1.532369E+00 1.598885E+00
 100.0   9.05096680E+01 1.049457E+00 1.089479E+00 1.131086E+00 1.203837E+00 1.342879E+00 1.437730E+00 1.500316E+00 1.571106E+00
 100.0   9.87014930E+01 1.044939E+00 1.081597E+00 1.119181E+00 1.185140E+00 1.313453E+00 1.403987E+00 1.460140E+00 1.524298E+00
 100.0   1.07634741E+02 1.041321E+00 1.075099E+00 1.109999E+00 1.171486E+00 1.288355E+00 1.372307E+00 1.427762E+00 1.492833E+00
 100.0   1.17376518E+02 1.037665E+00 1.068300E+00 1.100165E+00 1.156536E+00 1.264742E+00 1.341470E+00 1.397571E+00 1.454751E+00
 100.0   1.28000000E+02 1.034495E+00 1.062444E+00 1.091602E+00 1.143095E+00 1.242382E+00 1.312372E+00 1.366942E+00 1.427203E+00
 100.0   1.39584990E+02 1.031935E+00 1.057840E+00 1.085021E+00 1.132234E+00 1.224757E+00 1.289335E+00 1.338631E+00 1.396024E+00
 100.0   1.52218511E+02 1.029245E+00 1.052900E+00 1.077835E+00 1.121528E+00 1.208017E+00 1.269264E+00 1.312895E+00 1.361822E+00
 100.0   1.65995463E+02 1.027107E+00 1.048946E+00 1.072034E+00 1.112513E+00 1.192375E+00 1.250550E+00 1.292516E+00 1.334598E+00
 100.0   1.81019336E+02 1.024751E+00 1.044751E+00 1.065908E+00 1.102669E+00 1.175396E+00 1.227478E+00 1.266218E+00 1.312505E+00
 100.0   1.97402986E+02 1.022859E+00 1.041400E+00 1.060877E+00 1.095221E+00 1.163476E+00 1.213451E+00 1.247959E+00 1.291712E+00
 100.0   2.15269482E+02 1.020853E+00 1.037833E+00 1.055602E+00 1.087219E+00 1.149575E+00 1.196042E+00 1.227007E+00 1.268275E+00
 100.0   2.34753035E+02 1.019042E+00 1.034455E+00 1.050886E+00 1.079477E+00 1.137082E+00 1.178040E+00 1.208125E+00 1.249261E+00
 100.0   2.56000000E+02 1.017563E+00 1.031859E+00 1.046752E+00 1.073233E+00 1.126467E+00 1.166054E+00 1.194065E+00 1.227783E+00
 100.0   2.79169980E+02 1.016024E+00 1.028997E+00 1.042659E+00 1.067119E+00 1.115193E+00 1.153203E+00 1.178571E+00 1.211091E+00
 100.0   3.04437021E+02 1.014729E+00 1.026715E+00 1.039313E+00 1.062099E+00 1.107305E+00 1.140952E+00 1.165768E+00 1.197202E+00
